A卡数据（标志数据144、16）
16 137 253 164
16 137 253 100
16 137 253 68
16 137 253 100
16 137 253 164
16 137 253 164
16 137 253 164
16 09 253 164
16 09 253 164
16 09 125 36
16 09 125 100
16 09 125 36
16 09 125 36
16 09 125 100
16 09 125 36
16 09 125 36
16 09 125 36
16 09 125 100
144 09 253 164
144 09 125 36
144 09 253 164
144 09 253 36
144 09 253 36
144 09 253 164

B卡数据（标志数据17、49）
17 243 153 28
17 243 25 28
17 243 25 28
17 243 153 28
17 243 57 28
17 243 25 60
17 243 25 28
17 243 25 28
17 243 25 28
17 243 25 28
17 243 25 28
17 243 25 28
17 243 153 28
49 243 25 28
17 243 153 28
17 243 25 28
17 243 25 28
17 243 25 28
17 243 25 28
17 243 25 28
17 243 153 28

C卡数据（标志数据135、199）
199 11 136 28
199 11 136 28
135 11 136 28
199 11 200 28
135 139 136 28
199 11 200 28
199 11 136 28
199 11 200 28
199 11 200 28
199 11 136 28
199 11 200 28
135 139 136 28
199 11 136 28
135 139 136 28
199 11 200 28
199 11 200 28
135 139 136 28
135 139 200 28
135 139 200 28
199 11 200 28
199 11 200 28
135 11 136 28
135 139 200 60
135 139 136 28
135 139 200 28
199 11 136 28
135 139 200 28
199 11 136 28

D卡数据（标志数据233）
233 72 01 228
233 200 01 100
233 200 01 100
233 136 01 228
233 200 01 228
233 136 01 228
233 72 01 100
233 200 01 100
233 72 01 228
233 136 01 228
233 72 01 228
233 200 01 228
233 200 01 228
233 136 01 228
233 136 01 228
233 72 01 228
233 136 01 228
233 200 01 228
233 72 01 228
233 136 01 228
233 200 01 228
233 136 01 228
233 136 01 228
233 72 01 228
233 136 01 228
233 136 01 228
233 136 01 228
233 200 01 100
233 200 01 228
233 72 01 100
233 136 01 228


